4.785065404705506
0.741380351973408
0.136873385354388
1.11894686634247
0.256633394730974
0.817206321526058
0.0
0.0
0.0
0.024477412258099
0.0
0.0
0.0
0.037808607416361
0.180518392104632
1.115813812152428
0.256683985810103
0.817022605320914
0.0
0.0
0.880159093375046
0.0
0.0
0.0
0.0
0.0
0.0
0.024477412258099
0.0
0.0
0.0
0.0
0.0
0.0
0.037808607416361
0.180518392104632
0.0
0.0
0.0
0.0
0.0
0.0
0.0
0.0
0.047444445118384
1.115813812152428
0.256683985810103
0.817022605320914
0.0
0.0
0.785270203138277
0.0
0.0
0.0
0.880159093375046
0.0
0.0
0.0
0.0
0.0
0.0
0.0
0.0
0.0
0.0
0.024477412258099
0.0
0.0
0.0
0.0
0.0
0.0
0.0
0.0
0.0
0.0
0.037808607416361
0.180518392104632
0.0
0.0
0.0
0.0
0.0
0.0
0.0
0.0
0.0
0.0
0.0
0.0
0.047444445118384
0.0
0.0
0.0
0.0
0.0
0.0
0.0
0.0
0.0
0.0
0.0
0.0
0.0
0.047444445118384
1.115813812152428
0.256683985810103
0.817022605320914
0.0
0.0
0.785270203138277
0.0
0.0
0.0
0.785270203138277
0.0
0.0
0.0
0.0
0.880159093375046
0.121785349416812
0.022309236062653
0.041611622300923
0.000807385153071
0.001519113027787
0.04168594504622
0.000630798415149
0.001186861173649
0.000121848710546
0.041625184454921
0.0
0.0
0.0
0.0
0.041529985808763
0.003683107960076
0.313334133203848
0.07284010950806
0.258884490884116
0.004317163347981
0.033774590907255
0.262635422168582
0.003372937671059
0.026387602416983
0.006469355508936
0.259409439191131
0.0
0.0
0.0
0.0
0.254355024719237
0.012121617421746
0.103816561020432
0.183538575024754
0.043197737649215
0.163910454165551
0.009644729450701
0.064012118671572
0.175365427696742
0.001744920871023
0.015709756842096
0.009282755762835
0.159606200123556
0.0
0.0
0.0
0.0
0.156572544561561
0.007487641649768
0.079876222072782
0.075103217640351
0.143396050576365
0.03374977152294
0.128060881873733
0.001744920871023
0.015709756842096
0.126210780623062
0.008774614178918
0.056178354074388
0.009945153134844
0.135497737480495
0.0
0.0
0.0
0.0
0.12232787857153
0.005849986797397
0.062406144205124
0.047460399285077
0.051436804504574
0.0
0.0
0.0
0.0
0.0
0.0
0.0
0.0
0.0
0.0
0.007411332582996
0.043904546857743
0.006911497572849
0.005399853711303
0.0
0.0
0.0
0.0
0.0
0.014356676714874
0.470723326368778
0.111191806911617
0.454660662254829
0.008115429695629
0.088850240147481
0.469762103528712
0.006340468574121
0.069417415538897
0.025791716791396
0.456900909053721
0.0
0.0
0.0
0.0
0.436750211441671
0.018641085379951
0.235420950941441
0.206690042488559
